105 122

0 6
1 7
1 8
2 9
2 10
3 11
4 12
4 13
5 14
6 15
7 16
7 17
8 18
8 19
9 20
9 16
10 21
11 22
12 23
13 24
13 25
14 26
14 27
15 28
15 29
16 30
17 31
17 32
18 33
19 34
20 35
21 31
22 36
22 37
23 38
24 39
24 40
25 41
25 42
26 43
27 44
28 39
29 45
30 46
31 47
32 48
33 49
34 50
35 51
36 52
37 41
38 53
38 54
39 55
40 56
40 57
41 58
42 59
43 60
44 60
45 55
46 61
46 62
47 63
48 64
48 65
49 66
50 67
50 68
51 69
52 58
53 70
54 71
54 72
56 73
56 74
57 75
57 76
59 76
61 75
62 77
63 78
63 79
64 71
65 80
66 81
66 82
67 83
68 72
69 84
69 85
70 86
70 87
71 88
72 89
73 90
74 89
74 91
75 86
76 92
77 93
78 90
79 94
80 88
81 95
82 91
83 96
84 92
85 97
86 98
87 99
89 100
90 99
91 101
92 102
93 98
94 103
95 101
96 100
97 102
99 104
103 104

0
1
2
3
4
5
102
58
55
60
104
101
98
88
100
