357 378

0 77
0 78
1 79
2 80
3 81
4 82
5 83
6 84
7 85
8 86
9 87
10 88
11 89
12 90
13 91
14 92
15 93
16 94
17 95
18 96
19 97
20 98
21 99
22 100
23 101
24 102
25 103
26 104
27 105
28 106
29 107
30 108
31 109
32 110
33 111
34 112
35 113
36 114
37 115
38 116
39 117
40 118
41 119
42 120
43 121
44 122
45 123
46 124
47 125
48 126
49 127
50 128
51 129
52 130
53 131
54 132
55 133
56 134
57 135
58 136
59 137
60 138
61 139
62 140
63 141
64 142
65 143
66 144
67 145
68 146
69 147
70 148
71 149
72 150
73 151
74 152
75 153
76 154
77 155
77 156
78 157
78 158
79 159
79 160
80 161
80 162
81 163
81 164
82 165
82 166
83 167
84 168
85 169
86 170
87 171
88 172
89 173
90 174
91 175
92 176
93 177
94 178
95 179
96 180
97 181
98 182
99 183
100 184
101 185
102 186
103 187
104 188
105 189
106 190
107 191
108 192
109 193
110 194
111 195
112 196
113 197
114 198
115 199
116 200
117 201
118 202
119 203
120 204
121 205
122 206
123 207
124 208
125 209
126 210
127 211
128 212
129 213
130 214
131 215
132 216
133 217
134 218
135 219
136 220
137 221
138 222
139 223
140 224
141 225
142 226
143 227
144 228
145 229
146 230
147 231
148 232
149 233
150 234
151 235
152 236
153 237
154 238
155 239
155 240
156 241
156 242
157 243
157 244
158 245
158 246
159 247
160 248
161 249
162 250
163 251
164 252
165 253
166 254
167 255
168 256
169 257
171 258
172 259
173 260
175 261
176 262
177 263
179 264
180 265
181 266
183 267
184 267
185 268
186 268
187 269
188 269
189 270
190 270
191 271
192 271
193 272
194 272
195 273
196 273
197 274
198 274
199 275
200 275
201 276
202 276
203 277
204 277
205 278
206 278
207 279
208 280
209 281
211 282
212 283
213 284
215 285
216 286
217 287
219 288
220 289
221 290
223 291
224 292
225 293
227 294
228 295
229 296
231 297
232 298
233 299
235 300
236 301
237 302
239 247
239 249
240 251
240 253
241 303
241 304
242 305
242 306
243 307
243 308
244 309
244 310
245 311
245 312
246 313
246 314
247 315
248 315
249 316
250 316
251 317
252 317
253 318
254 318
255 319
256 319
257 320
258 321
259 321
260 322
261 323
262 323
263 324
264 325
265 325
266 326
267 327
268 327
269 328
270 328
271 329
272 329
273 330
274 330
275 331
276 331
277 332
278 332
279 333
280 333
281 334
282 335
283 335
284 336
285 337
286 337
287 338
288 339
289 339
290 340
291 341
292 341
293 342
294 343
295 343
296 344
297 345
298 345
299 346
300 347
301 347
302 348
303 170
304 174
305 178
306 182
307 210
308 214
309 218
310 222
311 226
312 230
313 234
314 238
319 320
320 349
321 322
322 304
323 324
324 350
325 326
326 306
327 287
327 290
327 299
327 302
328 284
328 289
328 296
328 301
329 281
329 288
329 293
329 300
330 280
330 285
330 292
330 297
331 279
331 282
331 291
331 294
332 283
332 286
332 295
332 298
333 334
334 307
335 336
336 351
337 338
338 309
339 340
340 352
341 342
342 353
343 344
344 354
345 355
346 356
347 348
348 314
349 303
350 305
351 308
352 310
353 311
354 312
355 346
356 313

0
1
2
3
4
5
6
7
8
9
10
11
12
13
14
15
16
17
18
19
20
21
22
23
24
25
26
27
28
29
30
31
32
33
34
35
36
37
38
39
40
41
42
43
44
45
46
47
48
49
50
51
52
53
54
55
56
57
58
59
60
61
62
63
64
65
66
67
68
69
70
71
72
73
74
75
76
315
316
317
318
170
174
178
182
210
214
218
222
226
230
234
238
