116 124

0 24
1 25
2 26
3 27
4 28
5 29
6 30
7 31
8 32
9 33
10 34
11 35
12 36
13 37
14 38
15 39
16 40
17 41
18 42
19 43
20 44
21 45
22 46
23 47
24 48
25 49
26 50
27 51
28 52
29 53
30 54
31 55
32 56
33 57
34 58
35 59
36 60
37 61
38 62
39 63
40 64
41 65
42 66
43 67
44 68
45 69
46 70
47 71
48 72
49 73
50 74
51 75
52 76
53 77
54 78
55 79
56 80
57 81
58 82
59 83
60 84
61 85
62 86
63 87
64 88
65 89
66 90
67 91
68 92
69 93
70 94
71 95
73 96
74 97
75 98
76 99
77 97
78 100
79 101
79 102
82 100
83 98
84 103
85 104
86 105
87 96
88 106
89 107
90 108
90 109
91 110
91 111
92 112
92 113
94 114
95 115
96 105
97 106
98 114
99 103
100 99
101 78
101 73
102 77
102 83
103 93
104 80
105 107
106 104
107 81
108 85
108 84
109 89
109 95
110 76
110 94
111 88
111 86
112 82
112 75
113 74
113 87
114 115
115 72

0
1
2
3
4
5
6
7
8
9
10
11
12
13
14
15
16
17
18
19
20
21
22
23
80
81
72
93
