110 92

0 38
1 39
2 40
3 41
4 42
5 43
6 44
7 45
8 46
9 47
10 48
11 49
12 50
13 51
14 52
15 53
16 54
17 55
18 56
19 57
20 58
21 59
22 60
23 61
24 62
25 63
26 64
27 65
28 66
29 67
30 68
31 69
32 70
33 71
34 71
35 72
36 73
37 74
38 75
38 76
38 77
39 78
40 78
53 79
55 80
57 81
59 82
61 83
63 84
65 85
67 86
72 73
74 87
75 88
75 89
76 90
76 91
77 92
77 93
78 75
79 54
80 94
81 95
82 96
83 62
84 97
85 98
86 99
88 100
88 101
89 102
89 103
90 47
91 104
92 105
93 106
94 56
95 58
96 60
97 64
98 66
99 68
100 43
101 107
102 108
103 109
104 48
105 49
106 50
107 44
108 45
109 46

0
1
2
3
4
5
6
7
8
9
10
11
12
13
14
15
16
17
18
19
20
21
22
23
24
25
26
27
28
29
30
31
32
33
34
35
36
37
41
42
43
44
45
46
47
48
49
50
51
52
54
56
58
60
62
64
66
68
69
70
71
73
87
